224636607: 220 4 6 366 10
950489: 405 8 26 9 913 4
225856996: 8 6 1 4 464 4 9 98
78671053901: 96 686 9 904 2 1 90 9
755: 8 1 84 6 46 75 76
285303239298899: 7 858 38 39 8 524 475
70488839: 9 61 486 7 21 1 27 2 5 6
86899866: 60 4 7 412 326
691713: 2 29 51 89 967 6 2 951
645275301545: 648 517 8 91 995
14053189590: 5 6 1 8 8 61 3 7 87 482 5
3589: 183 63 14 7 80 58
100391934: 2 79 1 7 4 3 4 4 2 2 4 32
1682: 71 621 989 1
666192131: 73 9 5 7 1 15 5 6 1 3 2
98926058: 5 5 812 601 5 1 68 946
1377610447: 8 172 1 5 4 7 1 999 4 47
612491901: 7 465 56 9 5 4 4 6 7 861
338358: 7 55 3 872 22
73538435: 4 4 707 8 13 35
387979562461: 9 43 979 49 6 1 21 3 64
82614: 64 4 6 2 53 1 8 1 9 281 2
2328180985: 878 92 5 8 2 6 30 981 4
1138081075: 223 4 61 3 2 28 2 1 5 5
62276: 856 58 169 57 537 8
498: 2 2 3 6 7 5 5 2 5 8 156 6
87130161055: 612 607 65 8 19 35 67
237004: 5 7 90 5 96 588 9
1810642828: 643 6 6 52 880 9 599 4
1381662831: 75 93 9 23 180 9 9 1 20
101262451032: 3 2 750 19 64 25 172 6
448380338: 87 3 3 78 94 5 338
248768: 1 823 15 293 9 26
5644231457041: 931 5 758 594 102 1
1417440: 3 7 842 7 98 4 3 7 47 8
8303: 205 625 1
99645248: 3 947 35 210 248
7201152: 7 7 4 3 2 961 9 8 94 7
187850360: 35 1 44 338 53 446
9467325010: 7 5 39 97 5 14 715
183776226012: 42 415 415 5 48 969
320165: 9 98 362 881
3156240054: 29 45 650 9 7 151 1 4
742934: 736 60 577 56 4
31109452: 410 5 833 7 9 2 6 5 3 19
1155862: 202 572 1 38 2 2 1 12 8
260587: 2 60 5 82 5
34142051: 708 3 480 82 5 579 7 6
322192004: 50 6 8 76 4 1 45 4 7 92
817649813922: 2 3 27 1 5 8 878 2 7 40 8
7172328: 7 707 1 2 30 269 61
2515077: 4 404 618 9 81 9 3
37665626: 40 3 190 2 826 8 4 8 4 2
27111875394: 4 98 8 55 1 75 7 9 64 7
926786: 8 84 67 8 6
7200234: 3 9 2 4 6 5 7 1 91 10 316
12294273421: 8 8 3 3 4 14 2 883 8 99 4
158076246: 46 9 3 46 47 8 87 46 6 7
231: 35 3 5 7 2
118624: 624 81 35 1 578 90 4
4879082586: 8 6 83 7 5 47 6 1 2 583 3
169558: 21 141 4 178 29 8 2
546110: 2 42 7 1 36 875 7 5 2 96
807485: 807 477 5
2452362: 823 8 4 642 73
1638297: 4 6 3 69 7 99 832 2 80 7
10068251: 27 88 8 73 9 4 5 5 5 6 2
895: 2 9 82 780 15
2026671030112: 367 1 5 8 439 1 3 4 4 23
35089849: 37 313 88 86 2 986
994280112: 8 1 554 584 4 21 7 18 8
1674750: 7 22 14 4 186 77
535508: 5 7 46 970 68
46154989: 9 3 3 98 917 40 69 920
22950781: 763 2 6 5 750 31
25595175838: 28 69 736 9 991 454
653025: 912 1 179 8 4 1
12601508190: 945 4 6 76 91 1 83 7 8 4
308468366: 73 7 6 7 94 5 4 804 366
7690746999533: 6 6 8 179 6 699 95 34
1545131: 7 4 6 2 6 85 1 3 5 7 7 161
847688: 84 6 795 9 886
1027192: 572 6 844 80 1 3 952 1
2065477213: 45 1 6 813 23 746 5 8 4
1555262460: 86 75 966 14 9 1 5 7
11251272480: 310 953 62 53 35 2 6 4
4490155742: 5 16 213 61 347 1 33
3765838372: 9 468 82 877 372
11960242: 1 4 435 545 2 24 2
867948: 7 8 951 5 948 3 53 12
4252: 52 5 7 70 7 3 1 3 3 8 4 8
17528157772: 243 404 42 8 5 1 9 772
12524864294: 5 25 248 63 9 2 1 96
21378359: 305 3 1 7 362
16068530: 5 74 593 343 9
1479884846: 5 9 37 9 44 407 4 7 7
148374288: 211 7 974 131 48
719422128: 8 7 7 5 61 12 6 26 9 9 9 8
712974: 99 96 5 5 58 3
4680793600: 7 1 947 1 706 7 6 5 9 2 8
174212239298: 2 3 789 8 86 6 3 40 9 9
104399533282: 4 3 9 5 53 5 6 272 49 1
15383675: 577 961 27 34 940
343878: 94 6 5 4 40 74 342 9 8 6
147092140959: 4 25 5 18 4 3 571 218 9
5308: 35 1 13 9 774 237 81 4
321539046: 7 4 73 11 11 143 543
1324: 2 709 3 90 24 493 3
42297: 92 2 234 49 448
123534949113: 433 3 951 49 113
14469840: 4 532 59 8 24 7 7 4 27 4
1672: 7 87 14 950 99
342225: 2 14 28 61 9 9 5
666483267: 7 22 923 1 1 6 70 2 67
82579022182: 8 785 94 22 1 8 4
12714529803: 3 47 3 8 500 4 98 7 59 9
120860: 821 3 3 49 26
1006827866: 34 614 410 473 65
2522: 69 2 3 6 38
2062685184: 86 506 896 49 71
5497711: 916 27 5 6 61
4843144705533: 5 4 2 978 173 85 5 30 4
1583583985017: 9 1 744 7 6 132 83 4 5 6
40723: 3 300 772 3
469581507: 59 2 3 284 931
108864: 393 6 96 27
7840: 144 9 9 191 5
2588079412985: 96 72 6 26 6 8 22 8 6 3 5
174869188: 35 677 738 4 83
5344774: 73 244 3 91 3
38203766655: 47 75 470 7 8 8 1 70 85
4042729: 989 21 4 4 3 8 29
37005: 52 4 508 1 8 8 795 50
53784: 905 41 2 9 1 236 5 5 1 9
53795571351: 12 5 580 77 742 7 4 1
15937: 5 3 9 3 4
1088: 6 1 671 98 252 61
489756124: 6 5 949 634 74
444673044: 9 2 7 2 6 4 2 5 5 51 699
2783730: 2 2 5 792 44 81 23 29
1243940184956: 710 73 841 24 953
2950073910: 331 35 7 774 47
1292494659: 7 27 518 8 7 11 26 4 9 3
28578661: 870 8 5 328 1 8
205427: 5 19 1 8 60 7 246 7 7 3 1
684484466: 44 434 5 915 313 416
182472960: 82 80 19 244 6
2270970: 864 93 791 3 3
69817106832: 68 62 90 793 5 92 2
4412828: 4 1 455 6 6 878
1786523466: 4 1 8 56 87 8 8 74 7 573
3808294456: 5 295 5 4 799 294 45 6
212980: 43 7 166 3 38 7 4
109301335: 8 6 6 2 3 5 3 2 4 627 187
772: 8 3 58 13 5
168868435373: 7 8 9 2 7 8 68 435 3 63 7
130758226032: 5 7 6 70 295 1 446 29
104615009: 24 5 50 2 427 9
761999196: 62 699 99 919 4
8392165824: 5 873 5 1 53 19 1 7 64 3
10303415: 64 50 9 91 336 7 9 636
142993748: 53 7 772 5 45 8 556
212: 3 6 8 37 2 6 15 7 2 4 49 3
3458941513910: 720 6 3 676 8 7 139 10
7017075: 973 9 72 498 7 8
267150: 7 18 62 9 6
337017: 6 7 556 3 6 7 1 8 1 49 64
8587952062607: 1 407 8 609 9 387 61
118731979452: 21 8 64 4 8 9 197 9 454
2384778921: 3 6 426 253 9 21
184084160: 2 34 685 26 152
672302: 1 42 9 1 9 6 4 8 830 2 2 1
34314: 9 4 2 692 21
42975: 863 48 44 9 5
418300198: 83 297 755 54 27
1361693900: 1 297 8 1 4 86 2 5 665
59105280: 8 39 32 148 40
2387431: 6 51 924 3 647 1
1248447503: 6 4 610 5 6 8 592 83 15
13146127111: 8 83 2 582 3 9 8 8 9 4 1 2
15317144898469: 524 37 788 3 79 8 469
805511: 73 3 7 4 968 149 3 8 9
1702569: 3 741 9 454 67
7054236: 2 84 3 42 651
147968: 2 6 5 15 7 939 21 4 32
49268536: 81 98 1 6 128 13 6 55
831652: 816 15 650
1768330580: 766 81 95 1 65 3 78
744390: 6 9 3 919 5
22928: 301 41 67 6 8
1214899: 69 176 65 422 9
591: 7 78 1 7 37
83953549142: 8 3 9 535 29 13 7 141
3708353016: 12 966 3 6 2 5 533 6 2 3
3389292904: 34 82 927 84 105 4
1264: 36 271 7 4 8
5373: 54 91 45 3 411
5452771: 63 6 6 832 6 4 6 6 9 7 7 4
7312: 3 6 802 21 73
19505742: 3 9 2 6 646 2 7 507
12130845: 943 268 1 48 93
165326582: 577 1 13 8 4 110 51 2
359953: 7 5 99 53
1409010657: 528 2 954 701 657
137314425: 73 88 2 54 867 993 95
1395007087713: 96 82 2 945 55 99 886
169406: 757 9 4 110 2 6
25452095: 6 52 3 808 94
4281342: 44 8 91 4 4 91 8 1 8 5 7 5
12134: 4 58 48 98 903
32045353200: 467 98 300 778 3
201969: 59 65 97 3 17 9 11 3 3
320279209: 2 629 71 4 507 210
90729: 83 7 732
9215808: 87 5 44 99 192
23275792: 3 954 2 903 7 9
4654: 738 6 223 6
405655610: 9 31 7 6 755 5 8 46 2 5
17761196: 17 7 6 10 5 4 8 52 58 24
19406940: 54 8 56 29 57 49 690
164914499: 60 1 9 8 78 1 761 689 4
2203302613: 2 11 7 3 852 7 9 3 9 6 1 3
9272481033556: 9 74 7 8 1 5 57 7 9 6 61
50961083339017: 47 186 4 7 5 3 9 967 3 8
6651193: 664 9 54 55 49 61 1
21181580655: 302 59 4 70 657
28041: 5 8 70 8 33
643587: 753 68 2 782
366416: 595 7 3 63 3 78 7 7 1
215072: 5 2 383 7 4 8
24606: 583 42 13 95 15
558882: 7 977 7 7 2
56849: 98 58 9
491: 85 20 388
5361334: 97 2 779 6 35 3 337 1
156832840: 2 61 1 388 6 43
258180: 77 278 23 683 6
6449644696154: 55 9 4 9 6 44 69 6 154
49422181986: 20 2 38 4 407 6 91 84
813630346: 807 9 57 12 4 8 3 3 3 46
252941: 25 29 32 1 7 1
7533731622: 683 3 995 525 7
11654459: 20 7 5 7 2 891 2 3 9 5 1 1
1278933: 402 7 380 3 34 4
4965955: 177 6 668 7 43
479972750: 47 92 48 724 733 7 4 6
17224355: 7 315 60 80 91 18 95
902: 75 83 741
8123777432951: 805 9 3 21 6 3 6 1 8 9 4 9
150386292: 603 843 9 7 481 62 9 2
132913: 5 68 234
4993017132: 101 2 72 341 6 910 6 2
3236366: 5 1 7 1 1 4 8 8 1 9 968 6
242: 21 3 2
599466: 14 6 1 544 3 950 8 1 8
12374400: 3 345 7 8 2 9 7 3 5 6 40 1
626726778874: 195 8 5 2 8 9 4 7 16 2 5 2
994213200: 529 400 6 1 313
33092950: 80 518 411 52
683851768: 806 76 3 84 929 2 2 3 4
98865035345: 9 4 8 615 1 6 5 5 3 5 3 47
662608707: 4 7 37 8 1 458 8 795 5 5
990320: 54 91 744 9 92 320
46955: 73 7 7 1 547 560 7
137123516686: 3 56 618 9 2 23 679 4
90576: 9 1 9 68 74
265969558: 6 641 786 4 523
3953691: 45 976 4 9 855
463787: 564 180 7 89 275
5170876: 5 8 2 658 3 383 70 106
382835: 9 4 346 726 110
13432: 557 6 9 7 4
138639960: 1 5 86 4 8 42 380
5114: 9 19 277 59 56 3 2 9 2
2524771264: 33 4 5 5 9 4 660 9 63 6 2
903309758: 8 82 325 94 503 5 3 6
2094931: 516 9 5 5 25 1 3 6 7 624
5747: 14 3 1 5 588 76 5 8 2 9
125910022: 162 4 337 5 7 7 5 5 1 9
3664201412: 2 8 5 915 788 5 95 46 2
2979055444: 248 2 49 12 9 665 41 3
2838892138: 9 45 556 70 38 95 5
1552399: 9 190 78 4 9 4 68
3852163: 4 427 4 4 7 558 18 271
12385: 667 9 2 47 332
189704774: 4 6 6 514 4 176 131 5 1
2642810463: 243 577 217 5 5 7
73488130: 449 10 3 16 130
350440: 4 5 9 862 1 5 961 369
15655482577: 3 22 824 92 5 9 5 78 1 7
18846198: 2 4 87 75 708 401 6
25781: 510 22 4 48 53
256056: 5 426 8 7 6 6 2 599 1 2 6
121862: 147 1 7 189 30 29
326909: 193 211 47 8 3 746
638780: 20 8 799 666 86
26238: 7 1 7 242 82
841784: 59 7 141 8 6
284160: 4 4 7 3 8 2 14 50 86 6 2 5
42495492: 1 744 588 947 57
1583338464: 5 17 638 5 4 9 62 8 6 8